train_sequences: [0, 1, 2, 3, 4, 5, 6, 7]
test_sequences: [8, 9, 10]
epochs: 5
batch_len: 100
lr: 0.0001
gru_hidden_size: 256
stack_input_images: True
img_size: [3, 376, 1241]
img_mean: [0.36713704466819763, 0.3694778382778168, 0.3467831611633301]
img_std: [0.31982553005218506, 0.310651570558548, 0.3016820549964905]